[tubing.jpg]
filters=radblur=1,0.923973,0.493301,1.000000,-0.543860;finetune2=1,0.000000,0.000000,0.185263,00000000,0.000000;
moddate=70cdc40beab0d401
width=1920
height=1080
textactive=0
